280 5 -80 -315
295 10 -430 -315
15 810 -720 -40
140 135 -570 -350
150 5 -80 -360
150 5 -80 -470
150 5 -80 -557
5 5 -670 -540
5 5 -665 -750
10 280 -660 -45
10 5 -300 -330
10 5 -480 -330
20 20 -390 -880
600 10 -910 -610
5 300 -1500 -620
5 5 -1460 -900
120 100 -1350 -730
5 5 -1455 -680
5 5 -1500 -600
5 5 -745 -433
5 5 -770 -447
5 5 -770 -360
5 5 -770 -260
5 5 -740 -245
5 5 -770 -180
10 290 -1500 -45
5 5 -1495 -320
5 5 -1460 -167
3 5 -1455 -360
3 3 -1462 -560
30 10 -1100 -80
190 40 -1530 -430
340 40 -1815 -430
40 350 -1540 -540
1300 10 -1570 -845
40 310 -1540 -55
70 120 -1950 -70
70 305 -1950 -280
70 130 -1950 -685
60 110 -2395 -70
60 270 -2395 -280
60 170 -2395 -650
140 40 -2243 -432
190 400 -2830 -550
190 275 -2830 -70
10 10 -2707 -70
10 10 -2545 -70
40 50 -3000 -530
40 40 -3020 -320
80 80 -3160 -170
5 10 -3150 -220
5 10 -3250 -200
100 80 -3450 -260
15 30 -3550 -270
65 45 -3870 -140
110 80 -3380 -570
100 60 -3700 -330
60 50 -3565 -710
100 60 -3400 -810
60 50 -3950 -810
60 50 -3810 -505
105 70 -4020 -580
100 90 -4020 -300
30 280 -4160 -70
30 400 -4160 -525
510 30 -4190 -895
30 820 -4700 -70
5 15 -1930 -90
5 15 -1600 -90
10 20 -1600 -788
10 20 -1930 -788
5 5 -2365 -815
5 5 -2350 -518
5 5 -2060 -518
10 20 -1910 -510
30 30 -4100 -90
500 30 -4200 -130