15 15 -150 -120
15 40 -170 -95
30 25 -170 -270
7 7 -165 -245
15 40 -255 -100
10 10 -225 -120
12 30 -255 -270
7 7 -285 -280
5 5 -400 -305
30 6 -395 -162
5 5 -520 -166
8 8 -525 -300
8 8 -640 -130
30 6 -685 -287
30 6 -828 -159
5 5 -965 -300
5 5 -1085 -128
970 40 -90 -350
5 9 -155 -555
5 5 -145 -545
5 5 -210 -520
13 20 -160 -835
5 5 -150 -835
5 5 -145 -640
5 5 -170 -635
5 5 -167 -620
5 8 -216 -462
5 5 -240 -470
5 5 -255 -480
5 5 -300 -600
5 5 -300 -620
5 5 -360 -635
130 110 -220 -660
5 5 -350 -620
30 6 -366 -720
5 15 -255 -845
5 5 -270 -840
5 5 -290 -860
5 5 -430 -845
5 5 -540 -900
5 15 -550 -730
5 5 -670 -800
5 5 -655 -760
5 5 -532 -555
5 5 -520 -485
30 5 -595 -510
5 5 -803 -818
30 5 -770 -565
5 5 -760 -460
5 5 -900 -510
5 5 -870 -872
30 5 -940 -842
5 5 -1200 -630
115 660 -1270 -290
115 10 -1268 -230
115 10 -1268 -160
30 100 -1355 -70
510 10 -1385 -110
510 10 -1385 -830
10 610 -1885 -110
10 60 -1885 -770
10 50 -1375 -240
10 12 -1430 -150
10 12 -1515 -150
10 12 -1700 -150
10 12 -1810 -150
15 17 -1805 -227
15 17 -1805 -310
15 17 -1805 -397
15 17 -1805 -480
15 17 -1805 -564
15 17 -1805 -648
15 17 -1805 -770
15 17 -1720 -770
15 17 -1506 -770
15 17 -1425 -770
15 17 -1425 -711
15 17 -1425 -648
15 17 -1425 -565
15 17 -1425 -480
15 17 -1425 -397
15 17 -1425 -315
90 10 -1895 -770
90 10 -1895 -710
10 90 -1635 -840
5 5 -2180 -870
15 15 -2530 -815
10 20 -2545 -708
15 15 -2530 -520
20 15 -2110 -490
25 15 -2140 -380
5 5 -2105 -310
25 15 -2470 -150
5 5 -2535 -115
25 15 -2505 -405
50 600 -2660 -390
15 30 -2680 -360
40 190 -2670 -30
20 30 -2810 -100
10 60 -1810 -30
20 30 -2915 -100
20 30 -2895 -445
20 30 -2785 -540
30 30 -2765 -840
30 30 -2920 -840
40 455 -3850 -60
530 40 -3890 -465
165 40 -4635 -465
30 500 -4770 -500