Esqueleto 64 64 3 5 0 570 0 340 585 460 575 660 0 800
Tarantula 64 64 3 5 0 570 0 340 585 460 575 660 0 800
Dracula 64 64 3 2 1380 610 1390 830
Genio 64 64 3 5 1400 490 1400 300 1400 110 710 110 710 300
Momia 64 64 3 2 1530 30 1850 30
Dracula2 64 64 3 3 1850 430 1530 720 1850 720
Gargola 64 64 3 1 2138 5 
Esqueleto2 64 64 3 3 2000 460 2290 460 2290 740
Drakebone 64 64 3 1 2570 60 
Diabloculon 64 64 3 5 3140 150 3420 240 3360 540 3370 750 3520 660
Diablo 32 32 3 4 3700 330 3870 120 3800 500 3940 790