Cucarron 32 32 3 5 90 5 450 400 165 500 755 790 600 400 500 520
Escarabajo 64 64 3 6 90 5 300 900 300 350 450 500 750 790 1150 600 1100 300
Cienpies 50 50 3 10 90 5 500 200 380 120 520 325 875 200 1150 600 1000 70 800 240 470 90 450 270 120 340
Aranas 64 64 8 3 250 5 100 200 110 120 200 280
Golem 75 75 3 1 3000 25 1400 600
Motosierra 64 64 8 5 90 5 2300 500 2100 400 2400 200 2000 100 2500 800
Carnivora 60 55 3 5 90 5 2300 500 2100 400 2400 200 2000 100 2500 800
Cocodrilo 64 64 3 5 120 5 2800 900 3000 390 3000 30 2700 20 2870 800
Dragonagua 64 64 3 8 90 5 3580 215 3370 215 3370 -40 3580 -40 3370 500 3580 500 3370 840 3580 840
Cangrejo 54 54 8 5 120 5 4600 550 4300 700 4300 500 4200 850 4400 760
Urgot 50 55 3 4 120 5 4600 850 4300 700 4200 500 4100 800
DonCangrejo 110 150 11 1 3000 25 3850 -30